<?xml version="1.0" encoding="UTF-8" standalone="no"?>
<!DOCTYPE svg PUBLIC "-//W3C//DTD SVG 20010904//EN"
              "http://www.w3.org/TR/2001/REC-SVG-20010904/DTD/svg10.dtd">

<svg xmlns="http://www.w3.org/2000/svg"
     width="1.11111in" height="1.11111in"
     viewBox="0 0 100 100">
  <path id="Imported Path"
        fill="none" stroke="black" stroke-width="1"
        d="M 36.68,74.87
           C 36.68,74.87 86.43,25.13 86.43,25.13M 14.07,52.26
           C 14.07,52.26 36.68,74.87 36.68,74.87M 95.98,1.51
           C 97.37,1.51 98.49,2.63 98.49,4.02
             98.49,4.02 98.49,95.98 98.49,95.98
             98.49,97.37 97.37,98.49 95.98,98.49
             95.98,98.49 4.02,98.49 4.02,98.49
             2.63,98.49 1.51,97.37 1.51,95.98
             1.51,95.98 1.51,4.02 1.51,4.02
             1.51,2.63 2.63,1.51 4.02,1.51
             4.02,1.51 95.98,1.51 95.98,1.51 Z
           M 95.98,0.00
           C 98.20,0.00 100.00,1.80 100.00,4.02
             100.00,4.02 100.00,95.98 100.00,95.98
             100.00,98.20 98.20,100.00 95.98,100.00
             95.98,100.00 4.02,100.00 4.02,100.00
             1.80,100.00 0.00,98.20 0.00,95.98
             0.00,95.98 0.00,4.02 0.00,4.02
             0.00,1.80 1.80,0.00 4.02,0.00
             4.02,0.00 95.98,0.00 95.98,0.00 Z" />
</svg>
